geocruncher-worker/tests/dummy_project/geocruncher_dem.asc
ncols        601
nrows        401
xllcorner    533987.500000000000
yllcorner    190987.500000000000
cellsize     25.000000000000
NODATA_value  -9999
[rows 378 to 398 of 401, columns 288 to 335 of 601]
1270.56005859375 1268.0400390625 1265.56005859375 1263.52001953125 1262.0400390625 1259.56005859375 1256.56005859375 1252.5999755859375 1248.56005859375 1246.0400390625 1244.52001953125 1244 1243.0400390625 1242 1241.52001953125 1240.0400390625 1239 1240.9200439453125 1244.43994140625 1247.9200439453125 1252.4000244140625 1257.4000244140625 1262.8800048828125 1268.4000244140625 1274.3599853515625 1280.8800048828125 1287.3599853515625 1295.800048828125 1302.9200439453125 1306.43994140625 1309.43994140625 1311.47998046875 1312 1312 1312 1312 1310.0799560546875 1306.56005859375 1304.52001953125 1304 1303.0400390625 1302.47998046875 1302.52001953125 1302 1301.52001953125 1300.52001953125 1299.52001953125 1299
1269.0400390625 1267.0400390625 1265.0400390625 1263.52001953125 1262.52001953125 1261.0400390625 1258.56005859375 1255.0799560546875 1251.0799560546875 1248.0400390625 1246.52001953125 1246.47998046875 1246.0400390625 1245.47998046875 1246.47998046875 1247 1247.9599609375 1250.43994140625 1253.43994140625 1257.4000244140625 1261.9200439453125 1266.4000244140625 1271.4000244140625 1276.4000244140625 1281.8800048828125 1288.8399658203125 1297.3199462890625 1304.4000244140625 1308.9200439453125 1312.43994140625 1314.9599609375 1316.9599609375 1318.9599609375 1320 1318.56005859375 1316.52001953125 1314.56005859375 1310.5999755859375 1306.56005859375 1304.52001953125 1303.0400390625 1302 1301.52001953125 1301 1300.52001953125 1299.0400390625 1298 1297.52001953125
1266.0400390625 1264.52001953125 1263.52001953125 1263 1263 1262.0400390625 1260.52001953125 1259.0400390625 1255.1199951171875 1250.56005859375 1248.52001953125 1248.47998046875 1248.52001953125 1248.47998046875 1250.43994140625 1253.43994140625 1256.43994140625 1259.43994140625 1262.9200439453125 1266.43994140625 1269.9200439453125 1274.4000244140625 1279.4000244140625 1284.8800048828125 1291.8399658203125 1299.3599853515625 1305.4000244140625 1309.9200439453125 1313.9200439453125 1317.43994140625 1319.9599609375 1321.9599609375 1323.47998046875 1324 1322.56005859375 1321 1319.0799560546875 1313.6400146484375 1308.0799560546875 1305.52001953125 1303.56005859375 1301.52001953125 1300.52001953125 1300 1299.52001953125 1298.0400390625 1296.52001953125 1296
1260.52001953125 1260 1260.47998046875 1261 1261 1261 1261 1260.52001953125 1259.52001953125 1257.56005859375 1254.56005859375 1253.47998046875 1253.52001953125 1254.43994140625 1256.9599609375 1259.9200439453125 1264.4000244140625 1268.43994140625 1271.9200439453125 1275.9200439453125 1279.43994140625 1283.8800048828125 1288.9200439453125 1293.8800048828125 1299.8800048828125 1305.4000244140625 1310.4000244140625 1315.4000244140625 1319.9200439453125 1323.43994140625 1325.9599609375 1327.47998046875 1327.52001953125 1326.52001953125 1324.0799560546875 1322 1321.0400390625 1316.6400146484375 1310.5999755859375 1306.56005859375 1302.5999755859375 1299.52001953125 1299 1299 1298.0400390625 1296.0400390625 1294.52001953125 1294
1257.47998046875 1258 1258 1258.47998046875 1259.47998046875 1260 1260 1260.47998046875 1261 1260.52001953125 1259.0400390625 1258 1258 1258.9599609375 1261.43994140625 1265.8800048828125 1270.43994140625 1274.8800048828125 1279.43994140625 1281.9599609375 1286.3599853515625 1290.9599609375 1293.9200439453125 1298.4000244140625 1303.8800048828125 1309.4000244140625 1314.4000244140625 1319.4000244140625 1324.8800048828125 1329.43994140625 1332.43994140625 1334 1332.0799560546875 1329.52001953125 1327.56005859375 1325.52001953125 1323.56005859375 1319.1199951171875 1312.6400146484375 1306.5999755859375 1302.0799560546875 1299.0400390625 1297.52001953125 1297 1296.0400390625 1294.0400390625 1292.52001953125 1291.52001953125
1254.47998046875 1255 1255.47998046875 1256.47998046875 1257.47998046875 1258.47998046875 1259.47998046875 1260 1260.47998046875 1261 1261 1261 1261 1262.43994140625 1266.4000244140625 1270.43994140625 1273.43994140625 1277.8800048828125 1282.43994140625 1285.9200439453125 1289.9200439453125 1292.9599609375 1295.9200439453125 1300.4000244140625 1305.8800048828125 1311.4000244140625 1316.8800048828125 1322.4000244140625 1327.8800048828125 1332.43994140625 1334.9599609375 1335.52001953125 1334.0400390625 1332.0400390625 1329.56005859375 1326.56005859375 1323.56005859375 1319.5999755859375 1313.6400146484375 1307.5999755859375 1302.5999755859375 1298.56005859375 1296.52001953125 1295.52001953125 1294.52001953125 1292.56005859375 1290.52001953125 1289.52001953125
1250 1250.47998046875 1251.47998046875 1252.47998046875 1253.47998046875 1254.9599609375 1256.47998046875 1257.47998046875 1258.9599609375 1260.47998046875 1261.47998046875 1262 1262.47998046875 1264.9200439453125 1268.9200439453125 1271.9599609375 1273.9599609375 1277.4000244140625 1281.9200439453125 1286.4000244140625 1290.43994140625 1293.43994140625 1296.9200439453125 1301.8800048828125 1307.8800048828125 1313.8800048828125 1319.4000244140625 1323.9200439453125 1327.9200439453125 1330.9599609375 1332.9599609375 1334 1333.0400390625 1331.52001953125 1329.56005859375 1326.0799560546875 1322.0799560546875 1317.5999755859375 1313.0799560546875 1307.6400146484375 1301.5999755859375 1297.56005859375 1295.52001953125 1294.52001953125 1293.0400390625 1291.0400390625 1289.52001953125 1288.0400390625
1245 1245.47998046875 1246.9599609375 1248.47998046875 1249.9599609375 1251.47998046875 1252.9599609375 1254.9599609375 1256.47998046875 1257.47998046875 1258.47998046875 1259.9599609375 1261.9599609375 1264.9200439453125 1268.9200439453125 1271.9599609375 1273.47998046875 1275.9200439453125 1280.4000244140625 1285.8800048828125 1290.9200439453125 1293.9599609375 1297.4000244140625 1302.4000244140625 1307.8800048828125 1313.4000244140625 1318.4000244140625 1321.9599609375 1325.4000244140625 1328.9599609375 1330.9599609375 1332 1331.52001953125 1330.0400390625 1327.0799560546875 1323.56005859375 1320.56005859375 1317.0799560546875 1313.0799560546875 1307.1600341796875 1301.0799560546875 1297.0799560546875 1294.52001953125 1294 1293.0400390625 1291.0400390625 1289.0400390625 1286.56005859375
1240 1240 1240.47998046875 1241.9599609375 1243.9599609375 1246.43994140625 1249.43994140625 1251.9599609375 1253.47998046875 1254.47998046875 1255.47998046875 1256.9599609375 1258.9599609375 1261.43994140625 1265.4000244140625 1269.9200439453125 1272.9599609375 1275.9200439453125 1279.9200439453125 1284.8800048828125 1290.4000244140625 1294.43994140625 1298.4000244140625 1302.9200439453125 1307.4000244140625 1311.9200439453125 1315.9200439453125 1319.43994140625 1321.9599609375 1323.47998046875 1325.43994140625 1327 1326.52001953125 1325.0400390625 1323.0400390625 1321.52001953125 1319.56005859375 1316.0799560546875 1312.56005859375 1308.5999755859375 1303.5999755859375 1299.0799560546875 1296.0400390625 1295 1294.0400390625 1292.0400390625 1289.56005859375 1285.5999755859375
1236 1236 1236.47998046875 1237 1237.9599609375 1239.47998046875 1240.9599609375 1243.9200439453125 1247.43994140625 1250.43994140625 1252.47998046875 1253.9599609375 1256.43994140625 1259.9200439453125 1263.9200439453125 1267.9200439453125 1271.9200439453125 1275.9200439453125 1280.4000244140625 1284.9200439453125 1289.4000244140625 1293.9200439453125 1298.8800048828125 1303.9200439453125 1307.9200439453125 1310.47998046875 1312.43994140625 1315.43994140625 1317.47998046875 1318.47998046875 1319 1319 1319 1319 1319 1318.52001953125 1316.0799560546875 1312.56005859375 1310.52001953125 1308.56005859375 1304.5999755859375 1300.0799560546875 1297.0400390625 1295.52001953125 1293.56005859375 1290.56005859375 1286.1199951171875 1281.0799560546875
1233 1233.47998046875 1234.47998046875 1235 1235.47998046875 1236.47998046875 1237 1237.47998046875 1238.9599609375 1241.9200439453125 1245.9200439453125 1249.43994140625 1252.9200439453125 1257.4000244140625 1261.9200439453125 1266.4000244140625 1270.9200439453125 1274.9200439453125 1279.4000244140625 1284.4000244140625 1289.4000244140625 1293.9200439453125 1298.4000244140625 1302.43994140625 1306.4000244140625 1309.47998046875 1310.9599609375 1312.47998046875 1313.47998046875 1314.47998046875 1315 1315 1315.47998046875 1316 1316 1316 1315.0400390625 1312.56005859375 1310.52001953125 1308.0799560546875 1304.0799560546875 1299.5999755859375 1295.56005859375 1293.0400390625 1291.0400390625 1288.0799560546875 1283.5999755859375 1279.56005859375
1228.47998046875 1229.47998046875 1230.47998046875 1231.47998046875 1232 1232.47998046875 1233.47998046875 1234.47998046875 1235.47998046875 1237.43994140625 1240.43994140625 1243.9200439453125 1247.9200439453125 1252.8800048828125 1258.4000244140625 1263.4000244140625 1268.4000244140625 1273.4000244140625 1278.4000244140625 1282.9200439453125 1287.4000244140625 1291.9200439453125 1296.4000244140625 1300.43994140625 1303.9200439453125 1306.9599609375 1308 1308.47998046875 1309.47998046875 1310.47998046875 1311.47998046875 1312.47998046875 1313 1313 1313.47998046875 1313.52001953125 1312.52001953125 1311.0400390625 1309.52001953125 1306.5999755859375 1302.56005859375 1298.5999755859375 1294.56005859375 1291.56005859375 1288.0799560546875 1284.56005859375 1280.5999755859375 1276.0799560546875
1223.47998046875 1224.47998046875 1225.47998046875 1226.9599609375 1228.47998046875 1229.47998046875 1230.9599609375 1232.47998046875 1233.47998046875 1234.9599609375 1236.9599609375 1240.4000244140625 1244.43994140625 1247.9200439453125 1253.3599853515625 1259.8800048828125 1265.4000244140625 1269.9200439453125 1274.8800048828125 1279.43994140625 1283.8800048828125 1288.9200439453125 1293.8800048828125 1298.43994140625 1301.43994140625 1303.9599609375 1304.52001953125 1304 1304.47998046875 1305.47998046875 1306.9599609375 1308.47998046875 1309 1309 1309 1308.52001953125 1307.52001953125 1307 1306.0400390625 1303.0799560546875 1299.56005859375 1295.5999755859375 1291.56005859375 1288.0799560546875 1284.0799560546875 1280.0799560546875 1275.5999755859375 1271.56005859375
1217.47998046875 1218.47998046875 1219.47998046875 1220.9599609375 1222.47998046875 1223.9599609375 1225.9599609375 1227.9599609375 1229.9599609375 1231.9599609375 1234.43994140625 1237.43994140625 1241.4000244140625 1245.43994140625 1250.3599853515625 1256.4000244140625 1261.8800048828125 1267.4000244140625 1272.4000244140625 1276.9200439453125 1281.4000244140625 1286.4000244140625 1291.4000244140625 1296.4000244140625 1300.43994140625 1301.52001953125 1300.0400390625 1299 1299.47998046875 1300.47998046875 1301.47998046875 1302.9599609375 1304 1303.52001953125 1303 1302.52001953125 1301.52001953125 1300.52001953125 1299.0400390625 1295.5999755859375 1290.5999755859375 1287.0400390625 1284.0799560546875 1280.56005859375 1277.0799560546875 1272.5999755859375 1268.56005859375 1266.0400390625
1212.52001953125 1212.47998046875 1213.9599609375 1215.47998046875 1216.47998046875 1217.9599609375 1219.9599609375 1221.9599609375 1224.43994140625 1226.9599609375 1229.43994140625 1232.43994140625 1236.4000244140625 1240.9200439453125 1245.8800048828125 1251.8800048828125 1257.8800048828125 1263.4000244140625 1267.9200439453125 1272.4000244140625 1276.9200439453125 1280.9200439453125 1285.4000244140625 1289.9200439453125 1292.9599609375 1291.5999755859375 1288.52001953125 1288.47998046875 1289.47998046875 1290.47998046875 1291.47998046875 1292 1292 1291.52001953125 1290.0400390625 1288.0400390625 1286.0400390625 1284.0400390625 1282.0400390625 1279.56005859375 1276.56005859375 1273.56005859375 1270.56005859375 1268.0400390625 1266.0400390625 1263.56005859375 1261.0400390625 1259.52001953125
1204.52001953125 1204 1204.9599609375 1206.9599609375 1208.9599609375 1210.9599609375 1212.9599609375 1214.9599609375 1216.9599609375 1219.43994140625 1222.9200439453125 1226.43994140625 1229.9200439453125 1234.4000244140625 1239.4000244140625 1244.8800048828125 1250.8800048828125 1256.8800048828125 1261.43994140625 1265.4000244140625 1269.9200439453125 1272.9599609375 1274.9599609375 1276.47998046875 1277.47998046875 1278 1278 1277.52001953125 1277 1277 1276.52001953125 1276 1276 1275.52001953125 1275 1274.0400390625 1272.0400390625 1269.56005859375 1267.52001953125 1266.0400390625 1264.0400390625 1262.0400390625 1260.0400390625 1258.0400390625 1256.52001953125 1255.52001953125 1254.52001953125 1253.52001953125
1195.52001953125 1194.52001953125 1194.47998046875 1195.9599609375 1197.9599609375 1199.9599609375 1201.9599609375 1203.9599609375 1206.43994140625 1209.43994140625 1213.4000244140625 1218.4000244140625 1222.9200439453125 1226.43994140625 1229.9200439453125 1234.8800048828125 1240.4000244140625 1245.4000244140625 1249.43994140625 1252.9200439453125 1256.43994140625 1258.9599609375 1261.43994140625 1263.47998046875 1264 1263.52001953125 1263.47998046875 1263.52001953125 1263 1263 1263 1263 1262.52001953125 1261.52001953125 1260.52001953125 1259.52001953125 1258.52001953125 1257.52001953125 1256.0400390625 1254.52001953125 1253.0400390625 1251.52001953125 1250.52001953125 1249.52001953125 1248.52001953125 1248 1247.52001953125 1247
1182.56005859375 1181 1181.9599609375 1183.9599609375 1186.43994140625 1189.43994140625 1191.9599609375 1193.9599609375 1195.9599609375 1197.9599609375 1201.4000244140625 1206.4000244140625 1211.8800048828125 1216.9200439453125 1220.9200439453125 1224.9200439453125 1228.9200439453125 1233.4000244140625 1237.43994140625 1240.9200439453125 1243.9599609375 1246.43994140625 1248.9599609375 1250 1250 1249.52001953125 1249 1249 1249 1249 1248.52001953125 1248 1248 1247.52001953125 1247 1246.52001953125 1245.52001953125 1244.52001953125 1244 1243.52001953125 1242.52001953125 1242 1241.52001953125 1240.52001953125 1240 1240 1239.52001953125 1239
1170.0400390625 1169 1169 1169.47998046875 1171.43994140625 1174.9200439453125 1178.9200439453125 1182.43994140625 1185.43994140625 1188.43994140625 1191.43994140625 1194.9200439453125 1199.4000244140625 1204.4000244140625 1209.4000244140625 1213.9200439453125 1217.9200439453125 1221.43994140625 1224.43994140625 1226.9599609375 1228.9599609375 1230.9599609375 1232.47998046875 1233.47998046875 1234.47998046875 1235 1235.47998046875 1236 1236.47998046875 1237 1237 1236.52001953125 1236 1236 1235.52001953125 1235 1234.52001953125 1234 1233.52001953125 1232.52001953125 1232 1231.52001953125 1230.52001953125 1230 1229.52001953125 1229 1228.52001953125 1227.52001953125
1159.52001953125 1159.47998046875 1160 1160.47998046875 1161.47998046875 1163.43994140625 1166.43994140625 1169.9200439453125 1173.43994140625 1176.9200439453125 1180.9200439453125 1184.43994140625 1187.9200439453125 1192.4000244140625 1197.4000244140625 1201.43994140625 1204.43994140625 1207.43994140625 1210.9200439453125 1213.9599609375 1215.9599609375 1217.47998046875 1218.47998046875 1219.47998046875 1220.47998046875 1221 1221 1221 1221.47998046875 1222 1222.47998046875 1223 1223 1223 1222.52001953125 1222 1222 1222 1221.52001953125 1220.52001953125 1220 1219.52001953125 1219 1218.52001953125 1218 1218 1218 1218
1150.47998046875 1151.47998046875 1152 1151.52001953125 1151.9599609375 1153.9599609375 1155.9599609375 1158.9200439453125 1162.43994140625 1165.9200439453125 1169.9200439453125 1173.9200439453125 1177.9200439453125 1181.9200439453125 1185.43994140625 1188.9200439453125 1192.9200439453125 1195.9599609375 1198.43994140625 1201.43994140625 1203.47998046875 1204.47998046875 1205.47998046875 1206.47998046875 1207.47998046875 1207.52001953125 1207.47998046875 1208 1208 1207.52001953125 1207.47998046875 1208 1208 1208 1208 1208 1208 1208 1208 1207.52001953125 1206.52001953125 1206 1206 1206 1206 1206 1206 1205.52001953125
