geocruncher-worker/tests/dummy_project/geocruncher_dem.asc
ncols        601
nrows        401
xllcorner    533987.500000000000
yllcorner    190987.500000000000
cellsize     25.000000000000
NODATA_value  -9999
[rows 231 to 251 of 401, columns 288 to 335 of 601]
1242.9599609375 1245.43994140625 1248.43994140625 1252.8800048828125 1258.8800048828125 1264.4000244140625 1269.4000244140625 1274.8800048828125 1281.3599853515625 1287.8800048828125 1292.9200439453125 1296.9200439453125 1299.9599609375 1302.43994140625 1304.9599609375 1306.9599609375 1308.9599609375 1310.9599609375 1312.47998046875 1312.52001953125 1311.0400390625 1310 1311.9200439453125 1315.43994140625 1317.9599609375 1319.47998046875 1320.9599609375 1322.47998046875 1323.47998046875 1324.9599609375 1326.47998046875 1327.47998046875 1328 1328.47998046875 1329 1329 1329 1329.47998046875 1330 1330 1329.52001953125 1328.0400390625 1326.0400390625 1323.0799560546875 1320.52001953125 1320 1320 1319.52001953125
1246.9599609375 1249.9200439453125 1254.4000244140625 1259.4000244140625 1264.4000244140625 1269.4000244140625 1274.4000244140625 1279.4000244140625 1285.8399658203125 1292.4000244140625 1296.9200439453125 1300.43994140625 1302.9599609375 1304.9599609375 1306.9599609375 1308.9599609375 1311.43994140625 1313.9599609375 1315.47998046875 1316 1315.0400390625 1313.52001953125 1314.43994140625 1318.4000244140625 1321.47998046875 1322.47998046875 1323.9599609375 1325.47998046875 1326.9599609375 1328.47998046875 1329.47998046875 1330 1330.47998046875 1331 1331 1331 1330.52001953125 1330.47998046875 1331 1331 1330.52001953125 1329.52001953125 1327.56005859375 1325.52001953125 1323.56005859375 1321.52001953125 1320.52001953125 1319.0400390625
1251.43994140625 1254.9200439453125 1259.4000244140625 1264.4000244140625 1269.4000244140625 1273.9200439453125 1278.4000244140625 1283.4000244140625 1288.4000244140625 1293.4000244140625 1297.43994140625 1301.4000244140625 1304.9599609375 1307.43994140625 1309.9599609375 1312.43994140625 1315.43994140625 1317.9599609375 1319.47998046875 1320 1320 1319.52001953125 1319.9599609375 1321.9599609375 1323.47998046875 1324.9599609375 1326.47998046875 1327.9599609375 1329.47998046875 1330.47998046875 1331 1331.47998046875 1332 1332 1332 1332 1331.52001953125 1331.47998046875 1332 1331.52001953125 1331 1330.52001953125 1329.52001953125 1327.56005859375 1324.56005859375 1322.0400390625 1321 1319.56005859375
1255.9200439453125 1260.4000244140625 1264.9200439453125 1269.4000244140625 1273.9200439453125 1277.9200439453125 1281.9200439453125 1286.4000244140625 1290.9200439453125 1294.43994140625 1297.43994140625 1301.8800048828125 1306.9200439453125 1310.43994140625 1313.9200439453125 1317.43994140625 1319.9599609375 1321.9599609375 1323.47998046875 1324.47998046875 1325.47998046875 1325.52001953125 1325 1325.47998046875 1326.47998046875 1327.47998046875 1328.47998046875 1329.9599609375 1331 1331.47998046875 1332 1332.47998046875 1333 1333 1332.52001953125 1332 1332 1332 1332 1332 1331.52001953125 1330.52001953125 1329.52001953125 1327.56005859375 1324.56005859375 1322.0400390625 1320.0400390625 1318.0400390625
1260.4000244140625 1265.4000244140625 1269.9200439453125 1274.4000244140625 1278.9200439453125 1282.43994140625 1285.43994140625 1288.9200439453125 1292.43994140625 1295.43994140625 1298.9200439453125 1303.8800048828125 1309.4000244140625 1313.43994140625 1316.9200439453125 1320.43994140625 1322.9599609375 1324.47998046875 1325.9599609375 1327.9599609375 1329.47998046875 1329.0400390625 1327.52001953125 1327.47998046875 1328.47998046875 1329.47998046875 1330.47998046875 1331.47998046875 1332.47998046875 1333.47998046875 1334 1334.47998046875 1335 1335 1334.52001953125 1333.52001953125 1333 1333 1333 1333 1332.0400390625 1330.52001953125 1329.0400390625 1326.56005859375 1323.56005859375 1320.56005859375 1318.0400390625 1316.52001953125
1266.4000244140625 1270.9200439453125 1275.4000244140625 1279.9200439453125 1282.9599609375 1284.9599609375 1287.9200439453125 1290.9599609375 1293.43994140625 1296.43994140625 1300.4000244140625 1306.3599853515625 1311.9200439453125 1315.9200439453125 1319.43994140625 1322.43994140625 1325.43994140625 1327.9599609375 1329.9599609375 1331.47998046875 1332 1331.0400390625 1329.52001953125 1329.47998046875 1330 1330.9599609375 1332.47998046875 1333.47998046875 1334.47998046875 1335 1335.47998046875 1336 1336.47998046875 1337 1336.0400390625 1334.52001953125 1334 1333.52001953125 1333 1332.52001953125 1331.52001953125 1330.0400390625 1328.0400390625 1326.0400390625 1323.56005859375 1320.56005859375 1317.0799560546875 1315
1271.4000244140625 1275.9200439453125 1279.9200439453125 1282.9599609375 1284.9599609375 1286.9599609375 1289.43994140625 1291.9599609375 1294.43994140625 1297.9200439453125 1303.3599853515625 1309.4000244140625 1313.9200439453125 1317.43994140625 1320.43994140625 1323.9200439453125 1327.43994140625 1329.9599609375 1332.43994140625 1334.47998046875 1335 1334.52001953125 1333.0400390625 1332.47998046875 1333.47998046875 1334 1334.9599609375 1336.47998046875 1337.47998046875 1338 1338.47998046875 1339 1339.47998046875 1340 1338.56005859375 1335.56005859375 1333.52001953125 1333 1332.52001953125 1332 1331.0400390625 1329.52001953125 1327.56005859375 1325.0400390625 1322.56005859375 1320.52001953125 1318.0799560546875 1316
1275.43994140625 1278.9200439453125 1282.43994140625 1284.9599609375 1286.47998046875 1287.9599609375 1290.43994140625 1293.43994140625 1296.43994140625 1300.4000244140625 1305.8800048828125 1310.9200439453125 1314.9200439453125 1318.43994140625 1321.9200439453125 1325.43994140625 1328.9200439453125 1331.9599609375 1333.9599609375 1335.47998046875 1336 1335.52001953125 1335 1335 1335.47998046875 1336.47998046875 1337.47998046875 1338.47998046875 1339.47998046875 1340.47998046875 1341 1341.47998046875 1342 1342 1341.0400390625 1337.5999755859375 1334.52001953125 1333.52001953125 1333 1332.52001953125 1331.0400390625 1329.52001953125 1327.56005859375 1325.0400390625 1322.56005859375 1320.52001953125 1318.56005859375 1316.52001953125
1278.43994140625 1281.43994140625 1284.43994140625 1286.47998046875 1287.9599609375 1289.9599609375 1292.43994140625 1295.43994140625 1298.43994140625 1302.4000244140625 1307.4000244140625 1311.9200439453125 1315.43994140625 1318.9200439453125 1322.43994140625 1325.9200439453125 1329.9200439453125 1332.9599609375 1334.9599609375 1336.47998046875 1337.47998046875 1337.52001953125 1337.47998046875 1338 1338 1338.47998046875 1339.47998046875 1340.47998046875 1341.47998046875 1342.47998046875 1343.47998046875 1344 1343.52001953125 1343 1342.0400390625 1340.52001953125 1338.0799560546875 1335.0400390625 1333.52001953125 1332.52001953125 1331.0400390625 1329.52001953125 1327.56005859375 1325.0400390625 1322.56005859375 1319.56005859375 1317.0400390625 1315.52001953125
1280.9599609375 1283.9200439453125 1286.9599609375 1288.9599609375 1290.9599609375 1292.9599609375 1295.43994140625 1297.9599609375 1300.43994140625 1303.9200439453125 1307.9200439453125 1311.9200439453125 1315.9200439453125 1319.9200439453125 1323.43994140625 1326.9200439453125 1330.43994140625 1332.9599609375 1334.9599609375 1336.47998046875 1337.47998046875 1338 1338.47998046875 1339.47998046875 1340 1340.47998046875 1341 1341.47998046875 1342.47998046875 1344.9200439453125 1347.47998046875 1348 1347.0400390625 1345.0400390625 1343.52001953125 1341.56005859375 1340 1338.56005859375 1336.0400390625 1334.52001953125 1332.56005859375 1330.0400390625 1327.56005859375 1325.0400390625 1322.0799560546875 1317.5999755859375 1314.52001953125 1313.52001953125
1283.9599609375 1286.43994140625 1288.9599609375 1290.9599609375 1293.43994140625 1295.9599609375 1297.9599609375 1299.9599609375 1302.9200439453125 1306.43994140625 1308.9599609375 1312.4000244140625 1317.4000244140625 1321.43994140625 1324.43994140625 1327.9200439453125 1331.9200439453125 1334.9599609375 1336.47998046875 1337.47998046875 1338.47998046875 1339 1339.47998046875 1340.47998046875 1341.47998046875 1342.47998046875 1343.47998046875 1344.9599609375 1346.9599609375 1348.9599609375 1350.47998046875 1351 1350.52001953125 1349.0400390625 1347.0400390625 1344.0799560546875 1341.52001953125 1339.56005859375 1337.52001953125 1336.0400390625 1333.56005859375 1331.0400390625 1328.56005859375 1325.0799560546875 1321.56005859375 1318.0799560546875 1315.52001953125 1314.0400390625
1286.43994140625 1288.9599609375 1290.9599609375 1293.43994140625 1296.43994140625 1298.9599609375 1300.9599609375 1303.43994140625 1306.9200439453125 1309.47998046875 1311.9200439453125 1315.43994140625 1318.9200439453125 1322.9200439453125 1326.43994140625 1329.43994140625 1332.9200439453125 1335 1335.9599609375 1337.47998046875 1338.47998046875 1339.47998046875 1340.47998046875 1341.47998046875 1342.47998046875 1343.47998046875 1344.47998046875 1345.9599609375 1347.9599609375 1349.9599609375 1351.9599609375 1353 1352.0400390625 1350.52001953125 1348.56005859375 1345.0799560546875 1342.0400390625 1340.0400390625 1338.0400390625 1336.0400390625 1333.56005859375 1331.52001953125 1329.56005859375 1326.56005859375 1323.0799560546875 1320.0400390625 1317.0799560546875 1313.56005859375
1288.9599609375 1290.9599609375 1292.9599609375 1295.9200439453125 1298.9599609375 1301.43994140625 1304.43994140625 1307.9200439453125 1310.9599609375 1312.47998046875 1314.43994140625 1316.9599609375 1319.9200439453125 1323.43994140625 1326.9200439453125 1330.43994140625 1333.43994140625 1335.47998046875 1336.47998046875 1337.9599609375 1339.47998046875 1340.47998046875 1341.47998046875 1342.47998046875 1343.47998046875 1344.47998046875 1345.47998046875 1346.9599609375 1348.9599609375 1351.43994140625 1353.9599609375 1355 1354.52001953125 1352.56005859375 1349.56005859375 1346.0799560546875 1343.0400390625 1340.56005859375 1338.52001953125 1336.56005859375 1333.56005859375 1331.52001953125 1329.56005859375 1327.0400390625 1324.0799560546875 1321.0400390625 1317.5999755859375 1312.5999755859375
1290.9599609375 1292.9599609375 1294.9599609375 1297.9200439453125 1300.9599609375 1303.43994140625 1306.9200439453125 1310.43994140625 1312.47998046875 1313.47998046875 1314.9599609375 1316.9599609375 1319.9200439453125 1323.9200439453125 1327.43994140625 1330.43994140625 1333.43994140625 1335.47998046875 1336.9599609375 1338.9599609375 1340.47998046875 1341.47998046875 1342.47998046875 1343.47998046875 1344.47998046875 1345.9599609375 1347.47998046875 1348.9599609375 1350.9599609375 1352.9599609375 1354.47998046875 1355.47998046875 1355.52001953125 1354.0400390625 1351.56005859375 1348.0799560546875 1345.0400390625 1342.56005859375 1340.52001953125 1338.0799560546875 1334.56005859375 1332.0400390625 1329.56005859375 1326.56005859375 1323.56005859375 1321.0400390625 1317.5999755859375 1313.0799560546875
1291.43994140625 1293.9599609375 1296.43994140625 1299.43994140625 1302.9200439453125 1305.9599609375 1308.43994140625 1311.43994140625 1313.47998046875 1314.47998046875 1315.47998046875 1316.9599609375 1319.43994140625 1322.9200439453125 1326.43994140625 1329.9200439453125 1333.43994140625 1335.47998046875 1336.9599609375 1338.9599609375 1340.47998046875 1341.9599609375 1343 1343.9599609375 1345.47998046875 1346.9599609375 1349.43994140625 1351.47998046875 1352.47998046875 1353.47998046875 1354.9599609375 1356 1356 1355.52001953125 1353.56005859375 1350.56005859375 1347.56005859375 1344.0799560546875 1341.0400390625 1338.56005859375 1335.0799560546875 1331.56005859375 1328.0799560546875 1324.56005859375 1321.56005859375 1319.0400390625 1316.0799560546875 1312.56005859375
1292.43994140625 1294.9599609375 1297.43994140625 1300.43994140625 1303.43994140625 1305.47998046875 1307.43994140625 1309.9599609375 1311.9599609375 1313.9599609375 1315.47998046875 1316.9599609375 1319.43994140625 1322.9200439453125 1326.43994140625 1329.9200439453125 1333.43994140625 1335.47998046875 1336.9599609375 1338.9599609375 1340.47998046875 1341.9599609375 1343.47998046875 1344.9599609375 1346.9599609375 1348.9599609375 1351.9200439453125 1354.47998046875 1355 1355 1355.47998046875 1356 1356 1355.52001953125 1353.56005859375 1350.56005859375 1347.0799560546875 1343.0799560546875 1340.0400390625 1337.0799560546875 1333.56005859375 1330.56005859375 1327.0799560546875 1323.56005859375 1321.0400390625 1318.56005859375 1315.56005859375 1312.56005859375
1292.43994140625 1294.9599609375 1297.43994140625 1300.43994140625 1303.43994140625 1306.43994140625 1308.9599609375 1311.43994140625 1313.9599609375 1315.47998046875 1316.47998046875 1317.47998046875 1319.43994140625 1322.9200439453125 1326.43994140625 1329.9200439453125 1333.43994140625 1335.9599609375 1337.9599609375 1339.47998046875 1340.9599609375 1342.47998046875 1343.9599609375 1345.9599609375 1347.9599609375 1350.9200439453125 1354.43994140625 1355.52001953125 1355 1355 1355.47998046875 1356 1356 1355.0400390625 1352.56005859375 1349.0799560546875 1345.0799560546875 1341.56005859375 1338.56005859375 1335.56005859375 1332.56005859375 1329.56005859375 1326.0799560546875 1323.0400390625 1321.0400390625 1318.56005859375 1315.0799560546875 1311.56005859375
1293.9599609375 1295.9599609375 1297.9599609375 1300.9200439453125 1304.43994140625 1307.43994140625 1310.43994140625 1313.43994140625 1315.9599609375 1317.47998046875 1318.9599609375 1320.47998046875 1322.43994140625 1325.43994140625 1327.9599609375 1330.43994140625 1333.43994140625 1335.9599609375 1337.9599609375 1339.9599609375 1341.47998046875 1342.9599609375 1344.9599609375 1346.9599609375 1349.43994140625 1352.9200439453125 1355.47998046875 1356 1356 1356 1356.47998046875 1356.52001953125 1355.52001953125 1353.56005859375 1350.56005859375 1347.56005859375 1344.56005859375 1341.56005859375 1338.56005859375 1335.0799560546875 1331.0799560546875 1328.0400390625 1325.0799560546875 1322.52001953125 1321.0400390625 1318.0799560546875 1314.0799560546875 1310.56005859375
1295.9599609375 1297.9599609375 1299.9599609375 1302.9200439453125 1306.43994140625 1309.43994140625 1312.43994140625 1315.43994140625 1317.9599609375 1319.9599609375 1321.9599609375 1323.47998046875 1324.9599609375 1326.9599609375 1328.47998046875 1330.9200439453125 1334.43994140625 1336.9599609375 1338.9599609375 1340.9599609375 1342.47998046875 1343.9599609375 1345.9599609375 1347.9599609375 1351.4000244140625 1354.9599609375 1356 1356.47998046875 1357 1356.52001953125 1356 1355.52001953125 1353.56005859375 1351.0400390625 1349.0400390625 1346.0799560546875 1343.52001953125 1341.56005859375 1338.0799560546875 1334.56005859375 1331.0799560546875 1327.0799560546875 1323.0799560546875 1320.0400390625 1317.56005859375 1314.56005859375 1311.56005859375 1308.0799560546875
1297.9599609375 1299.9599609375 1302.43994140625 1305.43994140625 1308.43994140625 1311.43994140625 1314.43994140625 1317.43994140625 1319.9599609375 1321.9599609375 1324.43994140625 1326.9599609375 1327.52001953125 1327.47998046875 1328.9599609375 1331.43994140625 1334.43994140625 1336.9599609375 1339.43994140625 1341.47998046875 1342.9599609375 1344.9599609375 1346.9599609375 1349.9200439453125 1353.43994140625 1355.47998046875 1356.47998046875 1357 1357 1357 1356.0400390625 1354.0400390625 1351.56005859375 1349.0400390625 1347.0400390625 1344.56005859375 1342.52001953125 1340.56005859375 1337.56005859375 1334.56005859375 1330.5999755859375 1326.0799560546875 1321.5999755859375 1317.56005859375 1314.56005859375 1311.56005859375 1308.56005859375 1305.56005859375
1299.9599609375 1301.9599609375 1304.43994140625 1307.43994140625 1310.43994140625 1313.43994140625 1316.43994140625 1319.43994140625 1322.43994140625 1325.9200439453125 1329.43994140625 1331 1330.52001953125 1330 1330.9599609375 1333.43994140625 1335.9599609375 1337.9599609375 1339.9599609375 1341.47998046875 1342.9599609375 1344.9599609375 1347.9200439453125 1351.9200439453125 1354.9599609375 1356 1356 1356.47998046875 1357 1356.52001953125 1355.0400390625 1352.0799560546875 1349.0400390625 1347.0400390625 1345.0400390625 1343.0400390625 1341.0400390625 1338.56005859375 1335.56005859375 1332.56005859375 1328.5999755859375 1324.0799560546875 1319.5999755859375 1314.5999755859375 1310.0799560546875 1307.0400390625 1304.56005859375 1302.0400390625
