geocruncher-worker/tests/dummy_project/geocruncher_dem.asc
ncols        601
nrows        401
xllcorner    533987.500000000000
yllcorner    190987.500000000000
cellsize     25.000000000000
NODATA_value  -9999
[rows 63 to 83 of 401, columns 288 to 335 of 601]
838.03997802734375 836.03997802734375 833.55999755859375 830.55999755859375 826.5999755859375 821.1199951171875 815.5999755859375 811.55999755859375 809.03997802734375 807.52001953125 806.52001953125 805.03997802734375 803.52001953125 801.55999755859375 798.55999755859375 794.5999755859375 790.55999755859375 788.03997802734375 785.55999755859375 780.6400146484375 773.6400146484375 767.1199951171875 762.55999755859375 759.55999755859375 757.52001953125 756.52001953125 756 756 755.52001953125 755.47998046875 757.44000244140625 759.47998046875 760.96002197265625 762.96002197265625 764.47998046875 765 764.52001953125 763.03997802734375 760.55999755859375 758.03997802734375 756.03997802734375 754.03997802734375 752.03997802734375 750.03997802734375 748.52001953125 747.03997802734375 745.03997802734375 743.52001953125
832.03997802734375 830.03997802734375 827.55999755859375 824.55999755859375 820.5999755859375 814.6400146484375 809.55999755859375 807.52001953125 807 806.52001953125 805.52001953125 804.03997802734375 803 801.55999755859375 798.55999755859375 795.08001708984375 791.55999755859375 788.55999755859375 786.52001953125 782.15997314453125 774.15997314453125 767.5999755859375 763.08001708984375 759.08001708984375 756.03997802734375 754.52001953125 754 754 754 754 754.96002197265625 756.96002197265625 759.44000244140625 761.47998046875 762 761.52001953125 759.55999755859375 756.55999755859375 754.03997802734375 752.03997802734375 750.03997802734375 748.52001953125 747.03997802734375 745.52001953125 744.03997802734375 742.03997802734375 740.52001953125 739.03997802734375
826.03997802734375 823.55999755859375 820.55999755859375 816.5999755859375 811.5999755859375 807.08001708984375 804.52001953125 804.47998046875 805.47998046875 806 805.52001953125 804.03997802734375 803 801.55999755859375 798.55999755859375 795.08001708984375 792.03997802734375 789.55999755859375 787.03997802734375 783.1199951171875 775.67999267578125 768.1199951171875 763.08001708984375 758.5999755859375 755.03997802734375 754 753.52001953125 753 753 753 753 753.47998046875 754.47998046875 754.52001953125 753.03997802734375 751.03997802734375 749.52001953125 748.52001953125 748 747.52001953125 746.03997802734375 744.03997802734375 741.55999755859375 739.52001953125 738.03997802734375 736.52001953125 735.52001953125 734.52001953125
818.55999755859375 815.55999755859375 812.08001708984375 808.08001708984375 804.55999755859375 802.52001953125 802.47998046875 803.47998046875 804.47998046875 805 805 804.03997802734375 802.52001953125 801.52001953125 798.5999755859375 794.08001708984375 790.55999755859375 788.03997802734375 786.52001953125 783.1199951171875 775.67999267578125 768.1199951171875 763.08001708984375 758.1199951171875 754.52001953125 753.52001953125 753 752.52001953125 752 751.52001953125 751 751 750.52001953125 749.03997802734375 747.52001953125 747 747 746.52001953125 745.52001953125 742.5999755859375 739.03997802734375 737.52001953125 736.52001953125 735.03997802734375 734 733.52001953125 732.52001953125 731.52001953125
809.55999755859375 806.55999755859375 803.55999755859375 800.55999755859375 798.52001953125 798.47998046875 799.47998046875 800.47998046875 801.96002197265625 803 802.52001953125 802 801.52001953125 799.55999755859375 795.1199951171875 790.55999755859375 788.52001953125 787.52001953125 786.03997802734375 782.1199951171875 775.15997314453125 768.1199951171875 762.5999755859375 758.08001708984375 755.03997802734375 753.52001953125 752.52001953125 751.52001953125 751 750.52001953125 749.52001953125 748.52001953125 748 747.52001953125 746.52001953125 746 744.55999755859375 741.08001708984375 738.03997802734375 736.52001953125 736 735.03997802734375 733.52001953125 732.52001953125 731.52001953125 731 730.52001953125 730
803.03997802734375 800.08001708984375 797.03997802734375 795.52001953125 795 795.96002197265625 797.96002197265625 799.47998046875 800 800 800 799.52001953125 798.03997802734375 794.5999755859375 790.55999755859375 787.55999755859375 786 786 784.55999755859375 780.1199951171875 774.1199951171875 768.1199951171875 762.5999755859375 758.08001708984375 754.55999755859375 752.52001953125 751.52001953125 750.52001953125 749.52001953125 748.52001953125 748 747.52001953125 747 746.52001953125 745.52001953125 742.5999755859375 738.55999755859375 736.52001953125 735.52001953125 734.52001953125 733.52001953125 732.52001953125 731.52001953125 731 730.52001953125 730 730 730
797.08001708984375 794.52001953125 793.52001953125 793.47998046875 794 794.96002197265625 796.47998046875 797.47998046875 798 797.52001953125 797 796.52001953125 793.5999755859375 789.08001708984375 786.03997802734375 784.03997802734375 783.47998046875 783.52001953125 781.55999755859375 777.5999755859375 772.5999755859375 767.1199951171875 762.55999755859375 758.1199951171875 754.03997802734375 752.03997802734375 750.03997802734375 748.52001953125 748 747.52001953125 747 747 746.52001953125 745.03997802734375 742.08001708984375 738.55999755859375 736.52001953125 735.03997802734375 733.52001953125 733 732.52001953125 731.52001953125 730.52001953125 730 730 730 729.52001953125 729
793.52001953125 793 793 793 793.47998046875 794.96002197265625 796 796.47998046875 797 796.03997802734375 793.55999755859375 790.55999755859375 786.5999755859375 782.55999755859375 780.52001953125 780 780.47998046875 781 779.55999755859375 775.5999755859375 770.5999755859375 765.5999755859375 761.08001708984375 756.1199951171875 751.55999755859375 749.52001953125 748.03997802734375 747 746.52001953125 746 746 746 745.52001953125 742.5999755859375 739.03997802734375 737.03997802734375 735.52001953125 734.03997802734375 732.52001953125 732 731.52001953125 730.52001953125 730 730 729.52001953125 729 729 729
793.03997802734375 792 792 792.47998046875 793.47998046875 794.47998046875 795 794.52001953125 793.52001953125 791.55999755859375 788.08001708984375 784.08001708984375 781.03997802734375 779.03997802734375 778 778 778 778.47998046875 777.55999755859375 773.1199951171875 768.08001708984375 764.08001708984375 759.1199951171875 753.1199951171875 749.03997802734375 747.03997802734375 745.52001953125 745 745 745 745 744.52001953125 742.55999755859375 739.55999755859375 737.03997802734375 735.52001953125 734.52001953125 733.03997802734375 732 731.52001953125 730.52001953125 730 730 729.52001953125 729 729 729 729
791.03997802734375 790 790 790 790.47998046875 791.47998046875 791.52001953125 790.03997802734375 788.03997802734375 785.55999755859375 782.08001708984375 779.03997802734375 778 777.52001953125 777 776.52001953125 776.47998046875 777 776.03997802734375 771.6400146484375 766.55999755859375 763.08001708984375 755.719970703125 749.03997802734375 747.52001953125 746.03997802734375 744.52001953125 743.52001953125 742.52001953125 742 742.47998046875 742.03997802734375 740.03997802734375 738.03997802734375 736.03997802734375 734.52001953125 733.03997802734375 731.52001953125 731 730.52001953125 730 730 730 730 729.52001953125 729 729 729
790.52001953125 790 789.52001953125 789 789 788.52001953125 787.52001953125 786.52001953125 784.55999755859375 781.55999755859375 779.03997802734375 777.52001953125 776.52001953125 776 776 775.52001953125 775 775.47998046875 773.5999755859375 768.1199951171875 763.08001708984375 756.67999267578125 750.08001708984375 747.03997802734375 745.03997802734375 743.52001953125 742.52001953125 741.52001953125 740.52001953125 740 740 740 739.03997802734375 737.03997802734375 735.03997802734375 733.52001953125 732.52001953125 731.52001953125 730.52001953125 730 730 730 730 729.52001953125 729 729 729 729
792.03997802734375 790.52001953125 789.52001953125 788.52001953125 787.52001953125 786.52001953125 785.52001953125 783.08001708984375 780.03997802734375 778.52001953125 777.52001953125 776.52001953125 776 776 776 775.03997802734375 773.52001953125 772.52001953125 770.08001708984375 765.1199951171875 758.6400146484375 752.1199951171875 747.08001708984375 744.03997802734375 742.52001953125 741.52001953125 740.52001953125 739.52001953125 738.52001953125 738 738 737.52001953125 736.52001953125 735.03997802734375 733.52001953125 732.52001953125 731.52001953125 730.52001953125 730 730 729.52001953125 729.47998046875 729.52001953125 729 729 729 729 729
792.03997802734375 790.52001953125 789.03997802734375 787.03997802734375 785.03997802734375 783.03997802734375 781.03997802734375 779.03997802734375 777.52001953125 776.52001953125 776.47998046875 777 777 777 776.52001953125 774.55999755859375 772.03997802734375 769.08001708984375 765.08001708984375 760.5999755859375 754.15997314453125 748.55999755859375 745.08001708984375 742.03997802734375 740.52001953125 739.52001953125 738.52001953125 737.52001953125 737 737 737 736.52001953125 735.03997802734375 733.52001953125 732.52001953125 731.52001953125 731 730.52001953125 730 729.52001953125 729 729 729 729 729 729 729 728.52001953125
792.03997802734375 790.03997802734375 787.55999755859375 785.03997802734375 783.03997802734375 780.55999755859375 777.55999755859375 775.52001953125 774.52001953125 774.47998046875 775 775.47998046875 776 776 775.52001953125 773.08001708984375 769.55999755859375 766.08001708984375 761.5999755859375 756.5999755859375 751.1199951171875 746.55999755859375 743.08001708984375 740.03997802734375 738.52001953125 737.52001953125 737 736.52001953125 736 736 736 735.03997802734375 733.52001953125 732.52001953125 732 731.52001953125 730.52001953125 730 729.52001953125 729 728.52001953125 728.47998046875 729 729 728.52001953125 728 728 728
791.08001708984375 787.55999755859375 785.03997802734375 782.55999755859375 779.55999755859375 776.55999755859375 773.55999755859375 771.52001953125 771.47998046875 772.47998046875 773.47998046875 774.47998046875 775.47998046875 776 775.03997802734375 772.08001708984375 768.08001708984375 763.5999755859375 758.5999755859375 753.1199951171875 748.08001708984375 744.55999755859375 741.55999755859375 739.03997802734375 737.03997802734375 736 735.52001953125 735 735 735 734.52001953125 733.52001953125 732.52001953125 732 731.52001953125 731 730.52001953125 730 730 729.52001953125 729 729 729 729 729 728.52001953125 728 728
788.5999755859375 784.55999755859375 781.55999755859375 778.08001708984375 774.08001708984375 770.55999755859375 768.52001953125 767.52001953125 767.96002197265625 769.47998046875 770.96002197265625 773.44000244140625 775.47998046875 776 775.03997802734375 772.08001708984375 767.5999755859375 762.5999755859375 756.6400146484375 750.5999755859375 746.08001708984375 742.55999755859375 739.55999755859375 737.03997802734375 735.52001953125 734.52001953125 733.52001953125 733 733 733.47998046875 733.03997802734375 731.52001953125 731 730.52001953125 730 730 730 730 729.52001953125 729 728.52001953125 728.47998046875 729 729 729 728.52001953125 728 728
783.5999755859375 779.08001708984375 775.55999755859375 772.08001708984375 769.03997802734375 766.55999755859375 764.52001953125 764 764.96002197265625 766.96002197265625 768.96002197265625 770.96002197265625 772.47998046875 773.47998046875 773.52001953125 771.55999755859375 767.5999755859375 762.1199951171875 754.20001220703125 747.08001708984375 744.03997802734375 742.03997802734375 739.08001708984375 736.03997802734375 734.03997802734375 732.52001953125 732 732 732 732 731.52001953125 731 730.52001953125 730 730 730 730 730 729.52001953125 728.52001953125 728 728.47998046875 729 728.52001953125 728 728 728 728
775.08001708984375 771.55999755859375 768.55999755859375 766.03997802734375 764.52001953125 763.52001953125 762.52001953125 762 762.96002197265625 764.47998046875 765.96002197265625 767.96002197265625 769.96002197265625 771.96002197265625 772.52001953125 771.03997802734375 766.15997314453125 756.239990234375 748.55999755859375 745.55999755859375 743.03997802734375 741.03997802734375 738.55999755859375 735.55999755859375 733.03997802734375 731.52001953125 731 731 731 731 731 730.52001953125 730 729.52001953125 729 729 729 729 728.52001953125 728 727.52001953125 727.47998046875 728 728 728 727.52001953125 727.47998046875 728
767.08001708984375 764.52001953125 764 763.03997802734375 761.52001953125 760.52001953125 759.52001953125 759 759.47998046875 760.47998046875 761.47998046875 762.96002197265625 764.96002197265625 766.96002197265625 767.03997802734375 763.1199951171875 754.719970703125 747.08001708984375 744.52001953125 742.55999755859375 740.03997802734375 738.03997802734375 734.5999755859375 731.03997802734375 730 730 730 730 730 730 730 730 729.52001953125 729 729 729 729 729 728.52001953125 728 728 728.47998046875 729 729 729 728.52001953125 728.47998046875 728.52001953125
763.47998046875 763.52001953125 762.52001953125 761.52001953125 760.03997802734375 759 758.52001953125 757.52001953125 757.47998046875 758 758.47998046875 759.96002197265625 761 760.52001953125 756.15997314453125 749.5999755859375 746.52001953125 745.03997802734375 742.08001708984375 738.55999755859375 735.55999755859375 733.03997802734375 731.03997802734375 730 729.52001953125 729.47998046875 730 729.52001953125 729 729.47998046875 729.52001953125 729 729 729 729 729 729 729 728.52001953125 728 728 728.47998046875 729 729 729 728.52001953125 728.47998046875 729
760.47998046875 761 761 760.03997802734375 758.52001953125 757.03997802734375 755.52001953125 755 755 754.52001953125 753.52001953125 752.03997802734375 749.55999755859375 747.52001953125 746.52001953125 744.08001708984375 739.5999755859375 734.5999755859375 731.03997802734375 730 730.47998046875 730.52001953125 730 729.52001953125 729 729.47998046875 730 729.52001953125 729 729.47998046875 729.52001953125 729 729 729 729 729 729 729 728.52001953125 728 728 728.47998046875 729 729 729 728.52001953125 728.47998046875 729
