geocruncher-worker/tests/dummy_project/geocruncher_dem.asc
ncols        601
nrows        401
xllcorner    533987.500000000000
yllcorner    190987.500000000000
cellsize     25.000000000000
NODATA_value  -9999
[rows 273 to 293 of 401, columns 384 to 431 of 601]
1168.47998046875 1170.43994140625 1173.9200439453125 1177.9200439453125 1180.9599609375 1182.47998046875 1183.9599609375 1185.47998046875 1186.9599609375 1188.47998046875 1189.47998046875 1190.47998046875 1191 1191.47998046875 1191.52001953125 1191 1190.0400390625 1188.0400390625 1186.52001953125 1185.0400390625 1183.0400390625 1180.56005859375 1178.0400390625 1175.56005859375 1172.56005859375 1169.56005859375 1166.56005859375 1163.56005859375 1160.0799560546875 1155.5999755859375 1151.0799560546875 1147.0799560546875 1142.1199951171875 1135.6400146484375 1127.6800537109375 1117.719970703125 1109.1199951171875 1104.56005859375 1101.56005859375 1097.5999755859375 1091.6400146484375 1085.1199951171875 1076.719970703125 1067.1600341796875 1057.719970703125 1047.199951171875 1037.6800537109375 1027.719970703125
1165.9599609375 1168.43994140625 1170.9599609375 1173.43994140625 1175.9599609375 1177.47998046875 1178.47998046875 1179.9599609375 1181.9599609375 1183.47998046875 1184.47998046875 1185 1185 1185 1185 1184.52001953125 1183.0400390625 1181.0400390625 1179.52001953125 1178.0400390625 1176.0400390625 1173.56005859375 1171.0400390625 1168.56005859375 1165.56005859375 1163.0400390625 1160.0799560546875 1156.0799560546875 1152.0799560546875 1148.56005859375 1145.0799560546875 1141.0799560546875 1135.6400146484375 1129.1199951171875 1122.1600341796875 1112.239990234375 1101.6800537109375 1095.0799560546875 1091.0799560546875 1086.5999755859375 1081.1199951171875 1074.1600341796875 1066.1600341796875 1057.6800537109375 1048.199951171875 1038.199951171875 1028.6800537109375 1019.2000122070312
1162.9599609375 1165.43994140625 1168.43994140625 1170.47998046875 1171.9599609375 1173.47998046875 1174.9599609375 1176.47998046875 1177.47998046875 1178.47998046875 1179.47998046875 1180 1180 1179.52001953125 1178.52001953125 1177.0400390625 1175.0400390625 1173.52001953125 1172.0400390625 1170.0400390625 1168.0400390625 1166.0400390625 1163.56005859375 1161.0400390625 1158.56005859375 1155.0799560546875 1151.56005859375 1148.56005859375 1145.56005859375 1142.56005859375 1139.0799560546875 1134.5999755859375 1128.6400146484375 1122.1199951171875 1115.6400146484375 1106.719970703125 1096.199951171875 1086.6800537109375 1080.56005859375 1076.5999755859375 1071.1199951171875 1064.1600341796875 1055.6800537109375 1047.1600341796875 1038.199951171875 1028.6800537109375 1019.6799926757812 1010.6799926757812
1160.47998046875 1161.9599609375 1163.9599609375 1165.9599609375 1167.9599609375 1169.47998046875 1170.47998046875 1171.47998046875 1172.47998046875 1173 1172.52001953125 1172 1171.52001953125 1171 1170.0400390625 1168.52001953125 1167.0400390625 1165.52001953125 1164.0400390625 1162.52001953125 1161.0400390625 1158.56005859375 1156.0400390625 1153.56005859375 1150.56005859375 1147.56005859375 1144.56005859375 1141.56005859375 1138.56005859375 1135.56005859375 1131.5999755859375 1126.1199951171875 1120.5999755859375 1115.5999755859375 1108.199951171875 1099.1600341796875 1089.719970703125 1079.199951171875 1071.1199951171875 1065.5999755859375 1060.1199951171875 1052.6800537109375 1044.6400146484375 1036.6800537109375 1027.6800537109375 1019.1599731445312 1010.6799926757812 1001.6799926757812
1156.9599609375 1158.9599609375 1160.47998046875 1161.47998046875 1162.47998046875 1163.9599609375 1165.47998046875 1166.47998046875 1167 1166.52001953125 1166 1165.52001953125 1164.52001953125 1163.52001953125 1162.0400390625 1160.52001953125 1159.0400390625 1157.0400390625 1155.0400390625 1153.52001953125 1151.56005859375 1149.52001953125 1148.0400390625 1146.0400390625 1143.56005859375 1140.56005859375 1137.56005859375 1134.56005859375 1131.0799560546875 1127.0799560546875 1122.5999755859375 1118.0799560546875 1114.0799560546875 1107.6800537109375 1099.1600341796875 1091.1600341796875 1082.6800537109375 1072.239990234375 1061.6800537109375 1054.1199951171875 1048.5999755859375 1042.6400146484375 1034.6800537109375 1025.6800537109375 1017.6400146484375 1010.1599731445312 1001.6799926757812 994.1199951171875
1152.47998046875 1153.9599609375 1155.47998046875 1156.9599609375 1158.47998046875 1159.47998046875 1160 1160 1160 1160 1159.52001953125 1158.52001953125 1157.52001953125 1156.0400390625 1154.0400390625 1152.0400390625 1150.0400390625 1148.0400390625 1146.52001953125 1145.0400390625 1143.52001953125 1142.0400390625 1140.0400390625 1137.56005859375 1135.0400390625 1132.56005859375 1129.56005859375 1126.0799560546875 1122.56005859375 1119.0799560546875 1115.0799560546875 1111.0799560546875 1106.1199951171875 1099.1600341796875 1091.1600341796875 1082.6800537109375 1074.6400146484375 1064.760009765625 1053.6800537109375 1045.1600341796875 1037.6400146484375 1030.1600341796875 1022.6400146484375 1015.6400146484375 1008.1599731445312 1000.1599731445312 992.6400146484375 985.15997314453125
1148.47998046875 1149.47998046875 1150.47998046875 1151.47998046875 1152.47998046875 1153.47998046875 1154 1154 1153.52001953125 1153 1152.0400390625 1150.52001953125 1149.0400390625 1147.0400390625 1145.52001953125 1144.0400390625 1142.52001953125 1141.0400390625 1139.52001953125 1138.0400390625 1136.0400390625 1133.56005859375 1130.56005859375 1128.0400390625 1125.56005859375 1122.56005859375 1119.56005859375 1116.0799560546875 1112.56005859375 1109.56005859375 1106.56005859375 1103.56005859375 1098.1600341796875 1090.6400146484375 1082.6800537109375 1074.6400146484375 1067.1600341796875 1058.199951171875 1047.719970703125 1037.199951171875 1027.6800537109375 1019.1599731445312 1012.1199951171875 1005.6400146484375 998.6400146484375 991.6400146484375 984.6400146484375 977.6400146484375
1143.47998046875 1144.47998046875 1145 1145.47998046875 1146.47998046875 1147.47998046875 1147.52001953125 1147 1146.52001953125 1145.52001953125 1144.0400390625 1142.0400390625 1140.0400390625 1138.52001953125 1137.52001953125 1136.52001953125 1135.0400390625 1133.52001953125 1132.0400390625 1130.52001953125 1127.5999755859375 1123.56005859375 1120.56005859375 1117.56005859375 1115.0400390625 1112.56005859375 1109.56005859375 1106.56005859375 1104.0400390625 1101.56005859375 1098.0799560546875 1093.5999755859375 1088.1199951171875 1081.6400146484375 1074.6400146484375 1067.1600341796875 1059.1600341796875 1051.1600341796875 1041.719970703125 1031.6800537109375 1020.760009765625 1009.6799926757812 1002.1199951171875 996.1199951171875 989.6400146484375 983.1199951171875 976.6400146484375 970.1199951171875
1139.47998046875 1140 1140.47998046875 1141.47998046875 1142 1142 1141.52001953125 1141 1140.52001953125 1139.52001953125 1138.0400390625 1136.0400390625 1134.52001953125 1133.52001953125 1131.56005859375 1129.0400390625 1127.0400390625 1125.0400390625 1122.56005859375 1119.56005859375 1116.56005859375 1114.0400390625 1111.56005859375 1108.56005859375 1105.56005859375 1101.1199951171875 1097.0400390625 1095.0400390625 1092.56005859375 1089.56005859375 1086.56005859375 1082.5999755859375 1077.1199951171875 1071.1199951171875 1065.1199951171875 1058.6400146484375 1051.1600341796875 1043.1600341796875 1035.1600341796875 1026.6800537109375 1017.2000122070312 1005.760009765625 996.1199951171875 989.15997314453125 981.15997314453125 974.1199951171875 968.1199951171875 962.1199951171875
1133.47998046875 1134.9599609375 1136 1136.47998046875 1137 1137 1136.52001953125 1136 1135.52001953125 1134.52001953125 1133.0400390625 1131.52001953125 1130.52001953125 1128.56005859375 1126.0400390625 1123.0799560546875 1119.56005859375 1116.56005859375 1113.56005859375 1111.0400390625 1108.56005859375 1105.56005859375 1102.56005859375 1099.0799560546875 1095.0799560546875 1091.0799560546875 1087.56005859375 1085.0400390625 1082.56005859375 1079.56005859375 1075.5999755859375 1070.5999755859375 1065.1199951171875 1060.0799560546875 1055.1199951171875 1048.6400146484375 1041.1600341796875 1034.1199951171875 1028.1199951171875 1021.1599731445312 1012.6799926757812 1001.760009765625 990.67999267578125 981.67999267578125 973.6400146484375 967.1199951171875 961.5999755859375 956.1199951171875
1130.47998046875 1131.47998046875 1132 1132 1132 1132.47998046875 1133 1133 1132.0400390625 1130.0400390625 1128.0400390625 1126.52001953125 1125.0400390625 1122.56005859375 1119.56005859375 1115.5999755859375 1111.0799560546875 1107.56005859375 1104.56005859375 1101.56005859375 1098.56005859375 1095.56005859375 1092.0799560546875 1088.0799560546875 1084.56005859375 1081.0799560546875 1077.0799560546875 1073.56005859375 1070.0799560546875 1066.56005859375 1063.0799560546875 1059.56005859375 1056.0799560546875 1052.0799560546875 1046.6400146484375 1039.6400146484375 1033.1199951171875 1027.1199951171875 1020.6400146484375 1012.6799926757812 1003.6799926757812 994.20001220703125 984.67999267578125 976.15997314453125 967.67999267578125 960.1199951171875 955.08001708984375 950.1199951171875
1126.47998046875 1127.47998046875 1128 1128 1128.47998046875 1129.47998046875 1130 1129.52001953125 1128.0400390625 1125.56005859375 1123.0400390625 1120.0799560546875 1116.56005859375 1113.0799560546875 1108.5999755859375 1103.5999755859375 1099.56005859375 1096.56005859375 1094.0400390625 1092.0400390625 1089.0799560546875 1085.56005859375 1082.0799560546875 1078.56005859375 1075.0799560546875 1071.0799560546875 1067.0799560546875 1063.0799560546875 1059.56005859375 1056.56005859375 1053.56005859375 1050.56005859375 1047.0799560546875 1042.5999755859375 1037.5999755859375 1032.5999755859375 1026.6400146484375 1020.1199951171875 1013.1599731445312 1004.6799926757812 996.15997314453125 987.67999267578125 978.67999267578125 969.67999267578125 961.15997314453125 954.5999755859375 949.1199951171875 942.6400146484375
1123.47998046875 1124 1124.47998046875 1125 1125 1125.47998046875 1125.52001953125 1124.52001953125 1122.56005859375 1120.0400390625 1117.0799560546875 1113.0799560546875 1108.5999755859375 1103.5999755859375 1098.5999755859375 1094.0799560546875 1090.56005859375 1087.56005859375 1085.0400390625 1082.0799560546875 1078.0799560546875 1074.56005859375 1071.56005859375 1068.56005859375 1064.5999755859375 1060.0799560546875 1056.0799560546875 1052.0799560546875 1048.56005859375 1045.56005859375 1042.56005859375 1039.56005859375 1036.56005859375 1033.0799560546875 1028.1199951171875 1022.1199951171875 1017.0800170898437 1012.1199951171875 1004.6799926757812 996.6400146484375 989.15997314453125 980.67999267578125 972.6400146484375 964.67999267578125 956.15997314453125 949.1199951171875 942.6400146484375 936.5999755859375
1121.47998046875 1122 1122 1122 1122 1122 1121.52001953125 1120.0400390625 1117.56005859375 1115.0400390625 1111.5999755859375 1106.1199951171875 1100.1199951171875 1094.1199951171875 1088.5999755859375 1085.0400390625 1082.0799560546875 1078.56005859375 1074.5999755859375 1070.0799560546875 1066.56005859375 1063.56005859375 1060.56005859375 1057.56005859375 1053.5999755859375 1049.0799560546875 1045.0799560546875 1041.56005859375 1038.56005859375 1035.56005859375 1032.56005859375 1029.56005859375 1026.0799560546875 1021.5999755859375 1017.0800170898437 1013.5599975585937 1010.0800170898437 1004.1599731445312 996.6400146484375 989.6400146484375 981.67999267578125 973.15997314453125 965.15997314453125 957.6400146484375 950.6400146484375 944.1199951171875 937.15997314453125 931.08001708984375
1115.47998046875 1116.47998046875 1117 1117 1117 1116.52001953125 1115.52001953125 1114.0400390625 1112.0400390625 1109.0799560546875 1104.1199951171875 1097.6400146484375 1090.6400146484375 1085.0799560546875 1080.5999755859375 1075.5999755859375 1071.0799560546875 1067.56005859375 1064.56005859375 1061.56005859375 1058.56005859375 1055.56005859375 1052.56005859375 1048.5999755859375 1044.56005859375 1040.5999755859375 1036.0799560546875 1032.56005859375 1029.56005859375 1026.56005859375 1023.5599975585937 1020.5599975585937 1017.0800170898437 1013.0800170898437 1009.0800170898437 1005.5599975585937 1001.5999755859375 996.1199951171875 989.6400146484375 982.15997314453125 973.67999267578125 966.1199951171875 959.15997314453125 951.6400146484375 944.6400146484375 937.15997314453125 930.1199951171875 925.08001708984375
1110.47998046875 1111 1111.47998046875 1112.47998046875 1112.52001953125 1112 1111.0400390625 1108.56005859375 1104.5999755859375 1100.0799560546875 1095.1199951171875 1088.6400146484375 1082.1199951171875 1076.1199951171875 1070.5999755859375 1066.0799560546875 1062.56005859375 1059.56005859375 1056.56005859375 1053.56005859375 1051.0400390625 1048.0799560546875 1043.5999755859375 1039.0799560546875 1035.56005859375 1032.0799560546875 1028.0799560546875 1024.0799560546875 1020.5599975585937 1017.5599975585937 1014.0800170898437 1010.5599975585937 1008.0399780273437 1005.0800170898437 1001.0800170898437 997.08001708984375 992.5999755859375 987.5999755859375 982.1199951171875 975.6400146484375 968.15997314453125 960.6400146484375 953.15997314453125 946.1199951171875 939.6400146484375 933.1199951171875 927.1199951171875 921.5999755859375
1107 1107 1107 1107 1106.52001953125 1105.0400390625 1103.0400390625 1100.0799560546875 1096.0799560546875 1091.5999755859375 1086.5999755859375 1080.6400146484375 1074.1199951171875 1068.1199951171875 1062.1199951171875 1057.0799560546875 1054.0400390625 1051.0799560546875 1047.56005859375 1044.56005859375 1041.0799560546875 1038.0400390625 1035.0799560546875 1031.56005859375 1028.0799560546875 1024.0799560546875 1020.0800170898437 1016.0800170898437 1012.0800170898437 1008.5599975585937 1005.5599975585937 1003.0399780273437 1000.5599975585937 996.5999755859375 991.5999755859375 987.08001708984375 983.08001708984375 979.08001708984375 974.5999755859375 968.6400146484375 961.15997314453125 954.1199951171875 948.1199951171875 941.6400146484375 934.6400146484375 928.5999755859375 923.5999755859375 917.6400146484375
1103 1103 1102.52001953125 1101.52001953125 1100.0400390625 1098.0400390625 1096.0400390625 1093.0799560546875 1088.5999755859375 1083.5999755859375 1078.5999755859375 1073.1199951171875 1067.1199951171875 1060.1600341796875 1053.1199951171875 1048.0799560546875 1044.56005859375 1041.56005859375 1038.56005859375 1035.56005859375 1033.0400390625 1031.0400390625 1028.0799560546875 1024.0799560546875 1019.5999755859375 1015.0800170898437 1011.0800170898437 1006.5999755859375 1002.0800170898437 998.55999755859375 996.03997802734375 993.08001708984375 989.08001708984375 985.08001708984375 981.08001708984375 977.55999755859375 975.03997802734375 971.5999755859375 967.08001708984375 961.6400146484375 954.6400146484375 948.5999755859375 943.5999755859375 937.15997314453125 930.1199951171875 924.1199951171875 918.5999755859375 913.5999755859375
1098.52001953125 1098 1097.0400390625 1095.0400390625 1093.0400390625 1091.0400390625 1088.56005859375 1084.5999755859375 1080.0799560546875 1075.5999755859375 1070.5999755859375 1065.5999755859375 1059.1600341796875 1050.6800537109375 1044.0799560546875 1040.56005859375 1037.56005859375 1034.56005859375 1031.56005859375 1028.56005859375 1026.0400390625 1023.0800170898437 1019.0800170898437 1014.1199951171875 1009.0800170898437 1005.0800170898437 1001.0800170898437 997.08001708984375 993.55999755859375 990.08001708984375 985.5999755859375 981.08001708984375 977.55999755859375 974.55999755859375 972.03997802734375 969.08001708984375 965.08001708984375 961.55999755859375 957.5999755859375 952.1199951171875 946.5999755859375 941.5999755859375 936.1199951171875 930.1199951171875 924.5999755859375 919.1199951171875 914.08001708984375 910.08001708984375
1093.52001953125 1092.0400390625 1089.56005859375 1087.0400390625 1085.0400390625 1083.0400390625 1080.56005859375 1077.56005859375 1073.5999755859375 1069.0799560546875 1064.5999755859375 1058.1600341796875 1050.1600341796875 1042.6400146484375 1037.0799560546875 1033.56005859375 1031.0400390625 1028.0799560546875 1024.56005859375 1022.0399780273437 1019.0800170898437 1015.5599975585937 1012.0800170898437 1007.1199951171875 1001.5999755859375 997.08001708984375 992.5999755859375 988.08001708984375 984.55999755859375 980.5999755859375 976.08001708984375 972.55999755859375 969.55999755859375 966.55999755859375 962.1199951171875 957.55999755859375 955.03997802734375 951.5999755859375 947.55999755859375 944.55999755859375 940.1199951171875 933.6400146484375 928.08001708984375 924.08001708984375 919.5999755859375 914.5999755859375 910.08001708984375 905.5999755859375
1086.56005859375 1084.0400390625 1081.56005859375 1079.0400390625 1077.52001953125 1076.0400390625 1074.0400390625 1071.56005859375 1067.5999755859375 1062.5999755859375 1056.6400146484375 1049.1600341796875 1041.6400146484375 1035.1199951171875 1030.56005859375 1027.0799560546875 1023.0800170898437 1020.0399780273437 1017.5599975585937 1015.0399780273437 1012.0800170898437 1008.5599975585937 1005.0800170898437 1000.5999755859375 994.6400146484375 989.08001708984375 986.03997802734375 983.08001708984375 978.5999755859375 973.1199951171875 968.08001708984375 965.03997802734375 962.55999755859375 959.08001708984375 954.5999755859375 951.03997802734375 948.55999755859375 945.08001708984375 941.55999755859375 937.5999755859375 931.6400146484375 925.5999755859375 921.55999755859375 918.08001708984375 913.5999755859375 909.55999755859375 906.08001708984375 902.08001708984375
